2.7885359691576745 -9.49978489554666 -4.499413632617615 -0.5535785237023545 0.4729424283280248 0.3533989748458226
7.843591354096908 -8.261223347411677 -1.561563606294591 -0.9404055611238593 -0.5627240503927933 0.010710576206724776
-9.469280606322727 -6.02324698626703 2.997688755590463 0.08988296120643335 -0.5591187559186066 0.17853136775181744
6.1886091335565325 -9.87002480643878 6.116385036656158 0.3962787899764537 -0.31949896696401625 -0.6890410003764369
9.144261444135623 -3.2681090977474643 -8.145083132397042 -0.806567246333072 0.6949887326949196 0.20745206273378214
6.142565465487603 4.594635733876357 0.7245618290940143 0.9462315279587412 -0.24293124558329304 0.104081262546454
6.588093285059898 2.370395047284921 7.234138006215545 0.15470429051352408 0.40914367242984695 -0.9083512326886756
-5.442034486969063 -4.212240727957857 -8.40416046152745 -0.5344182272779396 -0.7979971411805418 -0.44405279377981577
2.713688885288004 -2.7033564205983147 -2.5963806576623476 -0.5809859384570246 -0.4660443559017733 0.873309175424988
2.9607077049318704 2.1826201133397642 -6.57722703603806 0.45825359590069836 -0.6731950124761432 -0.24108911648470444
9.790467012731906 2.7999951970818575 1.1389948754929247 0.3692285019797492 0.6857038403796192 0.5519998230924896
-5.419038560717913 -9.357995121919245 -3.690939038818362 -0.46451824804859454 -0.5780343128273471 0.8858194286701089
7.527352529453378 -3.706442384030442 3.1087733058976 -0.20873619787867148 0.829095179481087 -0.0822962948252024
-4.702396670038951 -5.067449846120331 1.2273626832630153 -0.47451678295412947 0.16917198044708104 0.795645767204954
-2.0119898971920547 -5.613584816854333 9.950752129902206 0.01905258735292903 -0.8181811756524122 -0.9057672491505309
-7.8070173929868165 2.5489208340618 5.841587287259282 -0.15568006640063192 -0.8729445876960857 -0.23676142698692648
9.922427604801936 0.5822869019827408 9.421567552272364 0.7215594044689961 -0.9770379561143607 0.4414436387203893
3.634207380531496 0.7394066081759032 -4.663496200949144 0.2819235971596161 -0.7768956528082471 -0.13046949866179003
-0.9255258734158716 9.076318550421604 7.517058807563881 -0.4732218984978185 0.0011722261005966406 -0.6426962389397373
8.25255678689641 7.410371396735339 -4.0311041710273425 0.2778989897320103 0.21794042287634463 -0.6943214629007304
5.250216001503025 0.7875806023925147 5.572529572611165 0.06070734439035497 -0.998856207744113 -0.3516878859906538
-9.610465152283354 8.581972325292341 7.574437556463685 0.6633310587223589 -0.38497174919467714 -0.8841496670116249
7.560191984080809 8.938988905959881 -8.286930958642424 -0.02801907336677245 -0.8615749630632328 0.5212043305144631
5.316688586139755 -7.432170710004744 -0.49435243802537343 0.0996071869898878 -0.4698867421198818 0.7448660821705149
-1.5372411959822614 -5.764035891158359 0.7859217755891663 0.45986213817995236 -0.5976978732206082 -0.3765674173982101
9.902987133217891 2.9975611527890695 -1.2379983217099184 0.035151682071181245 -0.7579916082634686 -0.5506053259368853
-3.238288757050894 1.7661743691446663 -5.39770534806846 -0.559565231096881 -0.8580138279819349 0.2622059145401978
-5.421164323776912 8.108400260122558 7.19270800507493 -0.8582853002226931 -0.5239907312620096 0.33795555659256116
-5.715263852591228 -7.3537630254995 8.71028481161342 0.14208618665056894 -0.05465794737641172 0.5692388485815068
6.149939955332869 -6.191801712762446 -8.061383715423533 -0.13789763518724496 -0.15284275396015845 -0.06595066392665005
4.581516989197013 3.467290945866031 9.683304227319322 -0.8031642576960822 -0.19475743579546245 -0.3213947892100737
7.233450727055821 -5.026873321594287 -6.195821831183769 -0.1027729043337362 -0.15623672033119163 -0.44290971066611906
-5.00387104235799 8.465311985520255 -1.13738509893086 0.7226982095236612 0.10065062489969612 -0.8988233409502375
9.985649368254531 6.720551701599039 9.379925145695026 0.8527339660162552 0.6973914688286109 -0.667377778792172
-0.2871774909856306 -5.725054016016367 -1.9791941490109473 -0.8827292000556421 -0.2420537620461678 0.9706176875594519
-4.6959388365569605 5.681412038971388 -0.8998326532171337 -0.15398502801967417 0.9146352817193464 0.9908453789854277
1.1153664681123647 4.36816550592652 -6.904063494518717 -0.4065843490108716 0.9374187299383177 0.15836058163251243
0.8439040274854843 4.959511207581283 -8.856694541850338 0.16835518891794243 0.005700765839027122 0.7054397840965707
-6.851345441210334 9.215578065489009 -8.397770695188262 -0.6283500780385536 0.19007021290005532 0.3504251072081803
-5.295922099981376 -7.602267721057516 7.80574628258875 -0.5075693044227503 0.1890383070668824 0.23876302066420618
-1.6155016932825497 1.6734457858244944 0.4556543106391775 0.8694125154728545 -0.5914816011529271 0.4323836015788296
-5.22628094768308 -2.08428306417491 3.4338044591994255 -0.40000584040247555 -0.36764560745629193 0.5037289848288042
-8.549137710136854 -0.834289547628277 9.969088817088846 0.9921928957101889 -0.853478557800734 -0.5736913754659192
-4.6959917049919735 8.66518755987418 7.61728347372879 0.7585404849690855 -0.2609458225222321 -0.6845063352855361
6.674899092796139 4.070798501747419 2.233555314519002 0.9744661272630086 0.3079526354214652 -0.9843537856956841
6.342082702309234 -4.012424956000443 3.2677742993215464 0.8778600078542078 -0.7314177712132646 -0.7691426591617956
-7.859280445811647 1.064472817696318 -4.553035753703673 0.20965965406044784 0.43522437427759586 -0.5928053753450941
2.6847591777015936 -4.720321967391811 -0.22936295701246934 0.8106729821586465 0.6922074265897109 -0.8154030645745332
-1.5284845487254728 -4.466395520554967 -9.929086218244354 0.5422384460392542 0.27422675460275925 -0.4760894751313036
4.824618166958617 1.0336084225278253 -1.4462616203864123 -0.9806606007833201 -0.8495122798524659 0.7662127866002859
8.078571431197862 0.911805784110447 6.691900397720335 0.16501913297958803 -0.7038124288650347 -0.7451089614357225
-3.8348330013973264 7.9796297748518015 5.922446097760833 0.7214051640018055 0.7978492730529492 -0.5798469233204919
-5.009405215541511 -7.944127566564287 5.602324837428853 0.7682694029020178 -0.1872452203357664 0.2413230203014256
-6.908933233355907 8.597620313873488 7.292113924399281 0.9524120658619257 0.6215434398807937 0.7628324093266488
-9.504272762036226 4.731289435101642 -3.3562906410714266 0.8616317720966511 0.6044702778742779 0.7281280567505588
6.214986331487779 -4.663885808110559 5.747490182709424 -0.7838087471940858 0.7443335658121795 0.7171865026755633
-5.551325649086712 6.331732111938578 -0.7939353064211581 -0.38961826532279886 0.5906909983057236 -0.5448090251844593
-9.52671130597097 -6.137404233445826 -3.4347609760458697 0.7287058840605727 0.9337782080967223 -0.4417500145562572
2.829634772152554 -2.0064323127987826 9.622993743965203 0.07243146495744379 0.8784742806494314 -0.7693164962971448
9.408012220444558 -6.4286436765507275 9.25068631523111 -0.46906727495406275 -0.7831949055705778 -0.1308724828707113
4.570901213054086 -3.726453716100176 2.124177066122865 0.022846119338956195 -0.22960913331054567 0.15317608699319907
-4.905549877228362 4.175705676683412 -9.96617443562741 0.8511503309981654 0.0769039941855838 0.438859998289691
4.83900155678953 3.41257008865999 -2.7155705643747163 -0.8600523777473796 0.32847536982254466 -0.3395999279148072
-3.721687098832806 6.960305590126708 4.395085260279004 -0.39935546357747165 -0.3814306755826935 -0.1832141827615663
-1.9519922588455074 -4.086895949481059 -7.454244018816936 -0.1591073324541834 0.880727341460366 0.35463589054546585
8.056110914651654 2.310298319027611 -3.981002508688693 0.09587442627139642 -0.999188120605425 -0.4261725662621456
-1.402237000203307 1.5996956239136395 3.0941124740614327 -0.07002361950597158 -0.11568040139038516 -0.5725971980217994
-0.5362762818134748 8.023616516565085 5.920495202535605 -0.6606172076038905 -0.8304089265497565 0.030904019830432894
2.658817115315914 -3.296234891803982 6.368469290733284 0.5022762750814644 0.3455913411143341 -0.5507186680054235
-6.017401345468468 -9.511492245463472 -5.103149118432997 -0.04972731156238974 0.6994753892494638 -0.8543435416308618
-1.7111797800456134 2.595307614754274 -6.111295265205814 0.39270850098100984 -0.011245661979126131 -0.5120311208431223
3.121160222235682 -9.889103637239366 5.0192895323694575 0.5400923771480501 -0.7868254068729221 -0.14970761211453176
-6.482266365869367 9.159320845590795 0.3591550088748168 -0.8995632297187182 -0.5016034406800567 0.6966726947033195
-0.8707634905965485 6.028332034445288 3.351554651727062 0.975784906132896 0.1909046369388394 0.9000792168863119
7.828518516208739 2.253046455235257 4.385479225519342 0.00955632964880393 0.6611383394428301 0.09574390122165677
7.944162064665242 4.873108843191698 -0.5065112635389326 -0.4816169030699613 -0.5055205249806809 0.27532287355231255
5.316273685943308 0.42599625655964246 2.5349687396356266 -0.4508051061649234 -0.8450332922705284 -0.428543698273695
-4.565697858356308 -3.605808631624754 0.8030444503691285 -0.7232518769676886 -0.5374770405436264 0.38789962459810456
4.128382833891045 -8.715422985722439 -1.8480126066682665 0.08522228100783069 -0.1684515317936881 -0.5863312209711795
-1.5971296445314884 8.096769566803538 1.6815882840845031 0.39104597299593613 0.7134640646078685 0.5311891522361389
-2.392379421445767 -9.882078328320139 -2.964823946563506 0.5069502501187717 0.7068959011382092 0.9068606769402126
-1.6195743474035638 4.950313379561015 0.9226461946767817 0.20650517788248268 -0.5589226113523622 -0.5611567307571277
-1.283280479067269 -9.419503601065696 -3.2774091260323512 0.3582837700566994 -0.19136666172472583 -0.6699105375929824
-0.6521970153537975 -7.447444054376787 2.4451392194812946 -0.9460670961897246 -0.21195948732059056 0.12878396604954823
-9.457959073193752 2.8549929601867152 -7.286010255388716 -0.07660311189697655 -0.8994307330227449 -0.24179227162372086
-5.766794315770369 -3.463083902373829 5.224594157880542 -0.24174756887172744 0.5040196471095697 0.6638485703105452
-4.954569364352388 -8.36187534476715 -9.612334258999786 0.0788380958450674 0.9998156570184185 -0.30007931255963216
3.0028818649974998 5.624660992217898 3.035093104877788 0.5084664081190524 0.8992234654319777 -0.6012786352749342
-9.592399653593354 -6.9523530843041925 -7.475580502515875 0.33891768923982135 0.12793916386003823 -0.5640709181869927
3.9892994249230167 5.337961967124816 -6.644217132643955 0.21449498778186338 0.49585130391057164 -0.7709342572422047
6.386023486221703 9.294415460681755 -7.838025006847868 -0.948643149005068 -0.3760855112106096 0.3546945737008176
9.163456764117917 -2.0669111696674536 4.300294100989369 -0.8480070443138801 0.3812288318659607 0.2544847912020889
-7.961973891080469 5.449617699024481 7.0058647817759265 0.20082322963368826 -0.7578898698653698 0.9676887030293426
5.652706927220393 -3.0559246938310203 -1.4324397353051115 -0.25885824756388764 0.011921579354155831 -0.31753765027743364
6.991512539991547 6.4466183618011605 -7.889222587120028 0.9215751344291572 0.27117021220289184 0.6574146220049164
4.14617287412154 -1.2902570998464586 4.675906080267838 0.9309474624761553 -0.45983520722519833 0.6163984376135119
0.7634581289651159 -0.33004992233607666 -1.2885101399221135 0.46205242861024454 -0.46320892390154933 0.7034263200386637
6.6146203778120665 -8.266742038886512 7.632623680055438 -0.512273121618088 -0.07058306679353654 0.22066340846104127
-2.420213917434719 -9.426000044598208 7.0190567262491825 -0.6363202856846164 -0.575760299640522 0.595664713656193
-3.1932231367143267 7.606399595164508 4.023675006644032 -0.4474628484876302 -0.9796977711226458 0.8961251555540624
-8.287740760839576 4.4014932820838855 -0.22844306302425288 0.5163293069649328 0.38121867889304606 0.29180579948190455
-0.18357329842827674 5.858657362646349 -8.138932988906566 -0.5568071990549397 0.3835743105904037 -0.3875879397398232
1.631111706647344 -0.5347902248095053 0.618438622915356 -0.1489923745895705 0.49187087342721925 -0.3384174056081397
4.057098843715378 -4.581671460476073 -4.97192647598117 -0.7586882304953884 -0.6148314130969652 -0.7608905174898943
0.7172793076749961 5.243792189682059 -6.297003151246761 -0.5672307202427886 -0.031602825574582605 0.44917000218610315
9.532140457661136 0.492737382172157 -4.3400259345009 -0.7989477838184185 -0.6117648438178531 -0.5450336730348906
-6.4111691262919335 -9.717032654878723 0.6827017853532666 -0.4513773464334654 0.9485898622054758 0.1067179335972166
3.9483478582038884 -7.4744101408318215 7.369223945258881 -0.018242610952442284 0.7454394699970692 0.1481284392526645
-0.612061101389795 -1.190624037279795 -6.3127265921983655 -0.8972465656328443 0.8821271935362065 -0.04454162546862461
6.442312905988608 -1.985851154961205 -8.518356594887205 0.2588914139039966 -0.8927818514149337 -0.7016048310526897
1.2567919416912847 -3.923289763155447 9.878362454204403 -0.7630968755770768 0.5288868906523885 0.21263530248592555
5.814816596868388 -5.4862572586993075 0.4514507026043564 -0.09897107022249152 -0.11455799196134331 0.7203333316523601
9.800625209335958 -3.8923951136127926 2.420546421442971 0.21926182449026066 0.48017861096909 0.895180400650756
-5.844241883528973 -5.77949609389214 3.2085627438407336 -0.6858858132382457 -0.652372903347131 -0.8498702621976642
-9.946485547942284 -0.9899259076459526 1.8762239023912652 -0.4174814219379448 -0.5370475308879483 0.41391165975806654
4.059751161874344 -0.9193734718591351 3.7476984014248558 0.8478220889650974 0.5756560532934627 0.25011601432844377
3.2236608570673564 8.673369168910266 -1.4972206779157666 0.08912475742115733 0.2952694468049615 0.8168228904252122
6.532623193001193 -8.571803262883718 -6.6815442155855065 -0.3847763747715349 0.4979154441392466 0.13841409863818477
-4.227788233883166 -7.5129268365058355 3.7735598242418753 0.3994673699514346 0.8853524814880815 0.0009443542358511525
-0.12409561309831396 -8.391162962013981 -9.202784316327739 -0.13594267167845486 -0.35535683328340006 -0.4992641951759922
-8.173462267380296 9.238222043856734 6.719172278123626 0.1503982184398609 0.9015725556127048 0.9991448337549027
3.445631686064786 -4.609779480658922 -9.195366537107677 0.5125376608251142 -0.05899835349673288 0.3030189788673727
8.32145575853535 -6.3702170555374815 1.7065925055570865 0.26956943890817375 -0.016548395617973277 -0.8175151874123456
-3.0407788741069908 -3.3338321266981596 3.4026701904237093 0.7154661888007052 -0.3403926728420692 0.387347347966865
-4.235644092770885 8.903870791264211 6.271320694759453 0.10019321794356584 -0.09034818279654111 -0.37096568565966415
-3.5345242744801064 9.403694536171542 -1.9164988599850865 0.029192504658210217 0.9762384295635083 0.31532077296625793
0.8518718871439006 -1.735048584013569 -6.2483491721094575 -0.2764412816966495 0.5128863081111474 0.25081748429001793
5.19981072122034 -5.928835232994523 0.9843927817066334 0.8553455216888954 -0.1237678098552435 0.39650005824434453
-7.571478332747603 9.462936316433886 2.177433341639299 -0.5214050753446993 -0.6832436723895352 0.10167801400533993
1.0450281810746613 -8.13581597436955 9.845142787904393 0.8258597569683359 -0.0771042116424332 -0.7650677018208849
6.642863475378025 -0.032489905856094126 4.332066519835822 0.01774403013902348 -0.4531502065734516 0.6694478911533888
9.604892652067509 -5.125381878497233 1.0253015376093941 -0.23282797350570017 0.8437362998631237 0.016481783185787968
7.586525102929521 7.280538688571763 -4.475051943559181 0.5800123640062269 -0.17011515289730972 0.8684967873650402
0.1547535161931286 6.410989463711566 -4.343220334343467 -0.4028883004564656 0.17387544482832218 0.9978046664586775
-0.2071930668859796 -7.028091632344218 0.7716115540774737 -0.30975211661398494 0.10383483414162198 0.08686012591734604
-0.8931076626699781 -3.564452995419252 -6.226952525857891 0.3949968552411427 0.14359528396980226 -0.5328751078842138
5.510889501985176 -9.127054018053961 4.894103031303917 0.4104557620500051 0.6228178051297537 -0.22784249501803533
3.2737765896906943 6.414951034191102 9.6163627731957 -0.009342700767152934 -0.9259607773088476 0.00458230026593176
1.8036085861913413 7.394006267244308 7.483807481086167 -0.11938758045864573 0.05190217361512284 -0.08614385105151556
4.448876551412852 -1.8004276050727128 3.095626528554675 -0.6912775624569023 -0.061018798030536114 0.9384072611484344
-3.2287753189713664 3.854091971737642 2.9967330515854513 0.7035305847013829 0.7046826731317861 0.7186843683365332
-2.399812049546899 -3.6667769213320067 4.374348504459659 0.5188036186687273 0.7447660347970726 -0.9282018003246268
-8.631585056368971 2.6232203370928104 8.418581975605935 0.9948518459124307 0.4935327334758539 -0.13205705615374863
-8.031137472336042 2.674956575615825 7.451584652141815 -0.11264289667658844 0.3880023255864691 0.806848124100972
-9.080180626455745 5.922869303244235 -4.132644480695824 -0.25031782044937034 -0.7088604086012031 0.06233263629752006
1.3185612383187362 5.850389477619064 -6.600327018638053 -0.8420632986800107 0.7416791972897097 0.2394207370748307
-5.183404162873739 8.256580320471095 -7.137645597429807 -0.07770017329000489 -0.49204532117291544 -0.4893465836816919
-9.81205137090258 6.092661539502927 8.02418847197766 0.3552217713981589 -0.6840487558564261 -0.11654043279237114
-3.0886875111383656 1.7514341025284281 2.778774047200244 -0.15138212307820464 -0.4998035511845975 0.6906078502851973
-6.015660017822153 -2.306135020653091 -0.3358387788156776 -0.5255885961448508 0.14384538470147779 0.14962386035729014
9.853840872537951 -4.095384922334613 9.558889691537253 0.31645963185736137 -0.45103923964354453 0.13185803391139794
3.7159898546802417 4.893376823306504 -9.019114984480002 0.21281298615294908 -0.006545426952259348 0.8083105817874507
-4.27611697081611 5.977202390151975 2.14129996328532 -0.29535808832936694 0.27323575601178374 0.24178232626060825
3.555289172467189 4.41856753341418 3.1836308063350742 0.6766742339250331 0.25649620737379664 0.8068074081459358
2.926812177810456 -3.821342320947279 -1.183536196743768 0.1591476107368055 0.4647195358784766 -0.8197332485075621
-4.097790967416895 4.94961729876743 -6.487198591113867 -0.7356804045064329 0.07881551796884212 0.9429791624226798
0.6170474740557008 8.269739489633938 6.609452391347947 -0.4860598308734754 0.6493796250848145 -0.03630434025251761
6.129769875875329 4.931187014340901 -3.2256949239622745 -0.7696605851004812 0.9257865857377552 -0.7184859699882347
9.330004189255042 7.202811937976435 4.484334241510364 0.9598844855638069 0.9345394946000647 0.6091752880411239
-2.684499011888672 5.8136393717787485 -9.721626897981977 0.07314461653811821 -0.09042794453225067 0.3456567637475072
3.446815947020262 1.691201833043321 6.4483460245354856 0.8805837835591084 -0.7833077956015386 -0.5323561955768337
-9.499507007070353 7.684696904297045 1.228147644997577 0.8305118174863189 -0.55726559985202 -0.8735659176796091
6.477107027808952 8.187752768557843 -3.956196509414996 -0.18340828840917456 -0.7204459749855578 0.8925230657638925
-3.9127083128798956 -0.14750762043588317 -8.056160027563568 0.7745186170570046 -0.728671902587327 -0.09271248622221484
3.4097243770034247 4.8628024304634305 8.919481715588642 -0.16174649317055434 0.48453802953063163 -0.69095419518033
-1.7023094512638615 -8.01956730578943 -0.2130592442077095 -0.18376822860459896 0.903043050762119 -0.9345674262899062
-2.5894008253112926 -1.1323382787859675 9.011103397028538 0.7109003866119092 -0.8012907507877394 0.3713605309625707
0.8893172296428986 9.556850589040934 -2.826523175753641 -0.20372071451125384 -0.6203828756778409 -0.7556805618254725
6.960663769273619 -0.9056526285896567 3.25537476123956 0.2834089344664352 0.19429191903909016 -0.9572850905272587
5.735891809092335 -5.128622056719527 -7.481522293839142 0.12915595181592665 -0.8627796943512882 0.5303147517771689
-5.85685259306683 -5.680972961626505 7.393908535390892 -0.34288089313553916 -0.7048916401171126 0.8010620712635164
-9.943288970399673 7.168122527603526 -7.1062403935898395 -0.7400157371131264 -0.49869160654375233 -0.6510057581972131
3.2211528519463357 -9.484397004276033 -9.702793455385823 0.5799693284695078 -0.5241367878190739 -0.3524570760759551
-6.515075971876456 -8.95201964277647 4.83436113908299 0.05217105319573423 0.4913305500679914 -0.04750806915349948
5.560340786284055 0.2647591521838333 -7.81891979992309 0.007677379571642717 0.8908312859402125 -0.9132699262016566
5.664539919607591 7.339618155196767 0.42902429426168176 -0.08391495580463593 0.9280523662440574 -0.8783491850109884
-0.42036178003273506 -1.9676549097487914 3.7219499212446543 -0.01946229171154945 0.8194016582304586 -0.853018568467099
-8.38419045178416 2.1659484726687985 -8.68635533359772 -0.4499680008840936 0.26615344860203094 0.09671286809672108
-3.4962911336266416 9.892555117218471 0.6111367486264907 -0.09256916484905675 0.21085358307062574 -0.801643076641916
4.0355883709213245 7.0558547459115 3.018333297626107 0.5379254602094772 0.44167983331519833 -0.5699538673450062
-0.9689016806943691 -5.430128512708312 -3.221367623296496 -0.09300219418510536 -0.16802069947700948 -0.8098283214487383
-1.4647198747808403 3.302157261206178 -2.513979531289263 -0.6947221504625525 0.8459700714687688 -0.8657333837267045
6.635437769497091 -8.135397965926451 -8.068711348684287 0.4775919969774314 0.6235385705547847 0.11274147123070022
1.7293016547895395 1.2317282798414482 -3.4070803716758995 -0.7555374292908814 -0.2928038407324647 0.3306810400058309
5.005685005029566 7.361842977381301 4.421213574922989 0.9367972506229489 0.20082018244935407 -0.29670762861370203
1.5583703677970977 -5.745223886559878 3.134726059763043 -0.5515102617848688 -0.7835632361454667 0.6907468372026901
-2.648778987692997 5.252112638736994 1.4820000866292542 0.6144427423046888 0.6903103226567162 0.9490932042514164
6.368537190813392 2.2714656107092956 2.8539832765966278 -0.9474923370928332 0.8581685819898728 0.658921579919326
-4.651045496917787 -6.391678560782912 4.053975457312093 -0.3820306223401797 -0.32035068644548326 -0.9877884211926826
7.397254130728761 1.3264218952275257 -1.9843131200096877 -0.7162506916974627 0.26634402531102763 -0.9386858032381882
4.922235240114134 -5.697342399329781 -1.6033501247099373 -0.31820803646133444 -0.2598938150459922 0.4431919354853464
5.536712399334821 1.351871132287945 -8.300859200456415 -0.8947823471489564 -0.6851802057856937 0.23567636385206114
3.479374212262261 -4.557943129075621 3.238773856165224 -0.028676590218007503 -0.11591162660444176 -0.4536663112704611
5.098862873367413 -7.723649837795965 -1.4017273320421921 -0.4335070598391013 0.35697250952026605 -0.02673449327149835
3.342651174726992 -9.09165274791145 -2.0947320782474215 0.19864991388890085 -0.9846258282002343 -0.39716127596312645
-5.775320415593754 -7.25530389485346 -4.889609919570814 -0.34375528812431777 -0.9845401868613761 0.4940282468595356
-6.4861039624831545 -2.3958510856952753 4.073425267653272 0.000524693112426311 0.6667084048397565 0.6124003731335277
-8.558490068156843 7.235287240451772 -9.153954768744173 -0.9625169268287086 0.8423248690048248 0.7242200272241328
1.5151832147366218 1.4679936177168607 4.189979231378684 -0.16461208031303887 -0.7696532546724035 -0.9582868819505024
-3.5046364110897237 6.026443086209042 2.3625052660848045 0.6640518261434143 0.8395395034827693 -0.8237402374042306
6.889687196293938 -5.133670503545327 1.7774257660582382 0.04792508600126322 -0.20846660628133407 -0.37945087632827734
-3.2097343770307223 -3.3386275501373603 -6.637345839086269 0.020966569084296616 -0.7719467203228949 0.019904124645943932
8.118454631601008 -3.012494690552394 4.547582113478086 0.6378972030497039 0.6300740115000283 -0.5274623021065514
-7.071115634446112 -6.054563943520335 2.047979705463316 0.5204305910937841 0.3110180210374782 -0.6457077421055417
5.456961784951204 -0.11765949965222688 5.088916504939716 0.5197542992154969 -0.10218948600987399 0.8483085167713187
1.2898356680559857 2.7059663812118693 2.4904355888378955 0.7284937496628323 0.2544348137995436 -0.6980851972138462
-8.634274830084879 -1.1558387232743037 -3.9435912972197418 -0.45065266502768164 -0.8876557595738439 0.014673770579556322
-3.791842987873782 -0.9617227259863554 -8.862198983320953 0.6633932633262429 -0.84653799765309 0.7285000678504783
7.105867429121805 2.3001677683114714 0.14135634667910324 -0.07457668214545543 0.10863274267660783 0.583635594530717
7.917535311136053 -1.0053259269818753 6.196318353959423 0.30367490929721974 -0.3569464742391433 -0.04874194411386101
-6.982778466087229 -8.762525997977985 -7.929962454592168 0.7982536679115471 -0.31312444832346475 0.4286310983349253
0.09098003001914812 -6.548821771272701 -5.0451255280343155 -0.12448345138153405 -0.1211564164747514 0.04549607053109117
-6.8250758403691725 -2.542960357973458 -4.342128427711643 -0.18246120550535938 -0.3232657063171609 0.19577172476597893
5.7845386312732945 2.9461071393861378 -8.68176291440565 -0.8109881049698113 0.356758689680162 -0.43170605224377256
4.474673100049236 3.131281728209558 8.126853943273545 0.7465593241210777 -0.3332759278788868 0.1654790291728392
-7.171432388313644 -3.003584249283115 9.353930153854893 0.3969599256237619 -0.21608403132927934 0.19008245630314957
8.760043991315214 -3.808362251680782 -2.466413878873997 0.5833239157270871 0.6263695676296019 0.340232799989445
6.579179457889289 4.7754934425896565 3.7082888055515255 0.05278667946834803 0.29204964146697576 -0.15318726735579258
-2.763438073064308 -2.748046620359112 -6.394741542463107 -0.5716146775821993 0.8953365350686937 -0.02745815825454545
-5.469139069322255 -7.248692936458414 -8.456698313982473 0.6888567773717666 -0.7977184726642117 0.541749440726202
6.702396532691118 7.673643309851233 -9.245050152848775 -0.3264712560714369 0.5326152088944831 -0.737901917140984
-2.465602583549506 -6.75505575823099 6.6269011337825106 0.5421956274619768 0.6180874392786022 -0.6689216685118826
-1.2465318972330657 -1.7828277700693302 3.5272584437706573 -0.5249395971061499 -0.1116025803894487 -0.4301441348732835
4.970730361908727 -1.0214407393331921 0.6802229939652236 -0.3810642068744208 0.6172477421815727 -0.061968789935494595
6.702267854514147 -2.6431808354993436 8.942603404882458 0.9688795870631546 -0.07664004311802164 -0.43645653459244915
-2.3625513161857903 0.5491957692296534 9.325363064118946 0.6337824791624802 0.6025184483030952 -0.7232029307931376
-4.999935768219858 2.8235807240889432 7.482338901044741 0.10908149084886243 -0.7948205365031813 0.691784553466877
7.023320961695575 -4.298739718813431 5.262336605833816 -0.45441740081728677 0.8106124179564824 -0.7053026880167914
-1.250548796100384 8.928265260235214 -5.559239861860387 -0.09774401955858214 -0.30082984372270216 -0.9466596183941229
-8.93486225657851 0.04014229386470802 -5.284438522731348 0.9890507024765824 -0.25017465316446486 -0.9436249089436999
8.616518094999062 6.783525752232112 2.999213685883632 0.582761274964352 -0.7248008245482567 -0.42624120537346366
6.5952316630564525 3.9214397715196725 -7.224146163636275 0.41107235057816083 -0.10279705203550682 -0.9894976033887641
-8.415484574585575 -4.881521431259106 6.69926198564762 0.09760849088767087 0.4544695706498636 0.05554301177344856
-7.776262793515231 -4.23796843921539 -3.9769761082756006 -0.9045011067622974 -0.1603489124931139 0.5877982172788763
-0.8577276672710266 -7.7828420941997 8.102937713239971 0.19347808563789393 -0.9671292955882111 0.03075146041881216
-5.161237311580134 -7.128463195074799 -1.4152221379333252 0.22961916555190132 -0.5188715223869129 -0.16686480958292038
3.2874260348401823 -8.287720900254765 9.493089819044435 -0.8646413541823079 0.052118890644341054 0.014655393159573205
9.766629711929347 1.0830390483639096 -2.190925348798718 -0.05972984368302803 0.2713415829372601 0.9620788451031206
-4.926994778615745 -9.675155377821048 5.770400325590305 -0.3103950136732174 0.4658820429012833 0.25651392495131287
5.430027482197183 4.703739696246226 -3.3496278325603024 -0.9113286234095836 0.09202749041538305 0.6270177311121763
-6.498217458965831 5.58285186956563 -0.7075420050592456 0.3907785039921279 0.2634716955166756 0.6229953636952128
-8.737989259355508 5.523807994068434 -0.8464084510529357 -0.4131148576499375 -0.9123874486817538 -0.6010603325696233
-9.16188116139236 8.667419599007946 0.30767178508997617 0.9782454045922468 0.08606139530837176 -0.4933724695947652
5.0658183763772975 -6.1779313853217825 -2.8605164792927322 0.56168313395685 0.7315965541561151 -0.33615062723731093
-7.510499835112332 -2.6396165137065397 7.7897303402456295 0.48661541103924244 0.7892749899101066 -0.22671046347861568
9.474471686306181 -0.07593546925954797 -0.0495321501274546 0.8486209332539272 0.03855170706988398 0.6022961748035476
4.541626486852714 -8.421459878890643 2.0490659766045454 0.6446825590797733 0.09094879468927397 -0.35757714357081194
-8.398621778500095 3.2183844291627324 -3.8700828781849506 0.2052432554611996 -0.14776785423390915 0.37952961689097253
-2.9690603245601572 -9.15289674299741 7.400743501127842 -0.2948813793830354 0.9963011955460981 -0.4508892798502848
9.600545583885584 8.958087572061725 -8.499176700236815 0.2750250757665966 -0.2733777386980354 0.6021919511243399
3.588212156293798 9.055787925592156 -7.144410632749006 0.21514580664171068 0.562623939486933 -0.930402068402916
-8.655332738757824 5.570307470137308 -2.673430537857029 -0.23429119662244458 0.13448928344823896 0.210189657709571
3.581241138267899 8.97647058531113 -2.559732430586326 0.526168943597159 0.14784355666779136 0.05891976307257929
-2.0393190809510013 2.9912147341206303 -5.0077669381320415 -0.7731027748299639 0.47134971895885536 -0.0019120794870663982
-2.26025239921473 1.2334542151929426 -4.764466468250084 -0.47942045772019326 -0.10745377518876764 0.9927302243095215
-4.28846244603684 8.329578190837626 -0.1759960949155186 -0.7547251561920583 0.7056525807686453 -0.09591462950920526
7.973580615724607 -1.097776145150899 -8.24418517790538 0.3638585205012743 0.6910424379493989 -0.36082445580005973
-3.0514941052287092 -8.701218433678577 0.8434272245112453 0.7826633647077779 0.7027241015062518 0.4236182080144253
8.546489134463556 2.7540004512803247 5.873927676900054 0.017511490348601555 -0.7572750898430862 -0.5980392576446285
-7.222462559232685 5.807461216154984 -9.474319463834686 0.10804287451919015 -0.26217766899755857 0.6073234525771729
1.0329386785285504 2.2389672524104185 -8.275690366961346 -0.3814185649430757 0.9991900878687738 0.437739319781439
0.5139130966060019 5.383291007493959 6.466787990167813 -0.852498574177522 0.9447594630275318 0.28467717877276266
-1.0005100867400785 3.6021798129916185 -3.1097043859460065 0.7559203033008235 0.5605258576766168 0.27958785873332603
-6.360737268957253 9.325292278682134 -1.347634270360503 0.8214245418937747 -0.8891742999644459 -0.7516777587219756
-6.939690663795988 -6.7068584021975175 -3.5467849769088877 0.41866426505849175 -0.30795383531625387 0.8818081098630695
7.898518336422487 6.918674123117313 -4.987893820360019 0.2701141827754918 0.10168283096627939 -0.7496594097461946
-3.943507877822478 0.66956059536761 0.0514628948252529 -0.6627281965045864 0.8832139757371917 -0.6916114662408737
3.174657467675086 4.41265536874546 2.1027781572371076 0.6850600082267779 0.12723606886259153 0.650472534653264
-9.432530242022448 -9.090763934173161 2.8290746764872026 0.15354246295475815 0.30225995497119973 0.5339180018326222
-1.668264326735077 2.7798238441774092 -0.03923879727767954 0.25432802059616866 -0.42065668639678844 0.91330033990881
-0.34110363649161 6.093763084314659 3.699816823913533 -0.4051322571405154 -0.8540539489893084 -0.880173934130662
-1.20789000159178 -0.3149773978528163 -5.919539728732026 0.21332052564127268 -0.3748350015061339 0.436725770224875
4.683995096090936 7.215547315086507 9.507482558297603 -0.7384676968952271 -0.2589196038994175 0.12330243149673836
-3.6176822719368555 -0.670548659187272 -4.650566510916352 -0.5041622349489088 -0.8063766948788571 -0.41957599006019697
-2.3170033299678794 2.307548883279374 -5.034594392376269 0.7306150034414354 -0.6806006757396781 -0.34512835839761014
1.5537407578719282 -3.7457015827545392 5.262427502772571 -0.0034689158801823883 0.029449678462968976 -0.0024805832046916887
-3.829190358911414 -9.53647403567298 8.904656081384744 0.010888926047543102 0.9333732611049508 -0.5697111549475178
-2.942098222872893 -8.989191907442162 -0.10211592949647397 0.7646789527364022 0.3085200737792342 -0.05882629326360855
0.7338149857785403 6.943447307869356 -1.3814446130491902 0.7649114618371857 0.4550161267187838 0.5277135283239791
-2.6812529496487407 -1.9883675797048674 1.4056328776205866 -0.6106893962245619 0.10644585324230338 -0.8529365005143164
0.0851105824640932 5.288082294144791 -4.40558644752036 0.9781814012414451 0.3607972802377215 -0.7623779605528209
9.501656308275681 -2.1219257454278573 5.897944567618916 -0.3218294000948694 0.8778971339107509 0.5099303445855878
-6.018842368951001 0.18245032450364285 0.0015580714128766715 -0.9093932950658505 -0.7259272528649592 -0.3339185892944656
-0.5251169920961996 -0.8602288143425199 2.125210448076082 0.03101146429450785 -0.3440683047269475 0.226136242129356
-6.749959082461212 9.8123147512228 4.786387211472082 -0.40153131494336347 -0.3272530956966433 0.6565787719147518
0.6467965975175272 4.174796128708758 -4.0041887052517255 0.6314976664876484 -0.2632843802684608 0.3476127849460331
9.597960623583237 1.674042836975726 5.935096278602943 0.4506484251037106 0.37608730240554333 -0.9467056900723336
-0.50819571829879 9.341413923441017 5.658079828628429 0.5523240503441442 0.15526879172836572 0.4428002245926135
1.670465540952799 -6.589758765066813 2.5805048229072725 0.23947161100217884 0.6823342499165286 -0.7044485833993364
3.614537901013577 -9.368589733158013 8.964103415686026 -0.7802089573326063 -0.9621252649867749 -0.3726150331082896
-6.971374837613091 3.8100052183705095 -1.7924518135458989 0.549944603614182 0.8410418997944213 0.7456354178246407
4.716745425373627 -8.75437427971136 -7.238350284295796 -0.5853165900575106 -0.34990093114789045 0.3244535994286981
0.5095430280007065 -3.7249480252436573 -6.536351522853446 0.8242483218480208 -0.3153459646363077 -0.29142602271037443
5.439795682974815 4.418491226545854 2.86618199998923 0.38662662005964177 0.22015316015750308 -0.6154716617265732
-5.069617289452792 1.1617330161480837 -5.502659240143666 0.945821255181138 -0.40477086944618423 -0.42199172519295014
-5.854444102907195 4.099765194803934 -3.6591850996310393 -0.30239365159738685 0.8674007495416012 0.5908107120046671
-4.530849264891539 -7.562517885345699 3.5324449156509132 -0.24061162925123503 0.9603210746427244 0.6367549202611247
9.092177267829229 6.092316679131407 -4.1909469601412885 -0.42473931677172017 0.4282825749967907 -0.307272971808767
-1.1524777627032918 -4.871120490530359 -0.41841473967033593 -0.595863985598807 0.07715584741730552 0.8660478675666154
3.923426012936453 -7.254540903981541 2.313540688289846 0.1736609971416303 -0.5150839231794264 0.33966792978620797
0.6208297946559842 2.7588914681727523 -8.950177863210744 -0.17339726790348275 0.43471611250048725 -0.7989101904453042
5.415321161965583 -9.896371071857399 1.0070513155923333 0.8581993603399556 -0.18618509690623308 0.8700641971923031
7.567992430284566 -0.45102959118207053 -6.0108805066479665 0.9278280777818715 -0.35766459576166665 0.2917958357805397
8.158739174712448 -8.210785589769674 1.4826670635074652 0.07030455378720935 0.4462353564848467 0.8733387595012521
8.26459451339705 -6.498704490380738 7.644899463296664 -0.6484225849222749 0.839269623701868 0.9943436061770199
-2.060108514434007 -0.09232205356484435 8.732174895555257 0.9242627601666848 0.852079395792886 0.7534863358358468
-9.814656630398005 1.3592373732899077 -7.853986184529241 0.9659877767420129 -0.43087669529990746 0.9781989401774467
0.8660096711394978 -0.1217515931636175 8.771210034817447 0.7021194771559933 -0.06395846198741983 -0.6143772034523804
-7.7470647795969105 -6.750114749205228 -0.8217105793527768 -0.4854702395409618 -0.6276018617438646 0.47323579098451396
5.815353288505115 1.3556244484187872 5.145655005151223 -0.6490101723230706 0.7122930085469155 0.7940855235679503
6.539796505526191 0.3056131791959178 -8.265244603032881 0.3385117068199084 -0.6304375979053201 -0.7187762487314031
-3.5279665982983444 -5.0390583266571 -4.784294458691123 -0.5289574943969322 0.507513303562914 0.9080696453098251
-3.9610832061677055 4.4576505680199485 -9.77128531611664 0.3073667341403974 0.3855371808454777 -0.8757513363989278
-7.635503043920549 -3.8638731599276044 -1.8916677406320552 0.00504094247677922 0.7902367396325083 0.40711407020451196
-3.7804410323067934 -7.651685083104473 8.322607717012708 -0.4099247996875064 0.229250896287698 -0.5617427981293122
-7.3286243560639175 -6.936288706216416 4.954696743017131 0.21147789617813872 -0.16830876913755066 0.09846901763672955
-0.5834384624137705 0.750353753864017 3.2818887867932762 -0.5631767546853481 -0.5050691413828445 0.5094790994497307
7.462701169754666 -8.362593870534504 -1.0650404500703345 0.4075322503117451 -0.8437945557051196 0.12833744454694962
-8.764839048866325 0.95298497421863 0.10974112185191665 0.14540334845572933 -0.7002952372351714 -0.34376472451558704
0.4068308236957403 -7.6751995563067155 -5.891970289212769 0.16629535688203512 -0.8181167110966243 0.020750708065669032
6.173841663544742 -0.9313539964043613 0.2649568640328308 -0.08640304857624792 -0.8845264381349505 -0.07524338852215262
6.13830705108785 4.465601596500047 -2.0810258009348503 0.632906451866261 0.4916089656636313 0.1566225301180708
-9.094203945443425 -3.1094226687573094 -8.724801757758335 0.9882473209538403 0.8691655977698929 -0.8619617076793724
8.675511251698612 -9.365302579538419 -1.8226612836150338 0.5379441251669654 0.5316553658474235 0.956666569848202
2.917616361943269 -1.5927612223534418 9.85713197161758 -0.2350407622972559 0.7392405706214169 0.8135346230491451
-2.487089323960248 3.654607082030827 3.2358507625093615 0.07860052783772042 0.30706819683740405 -0.3044602257216995
-6.430527419917766 0.7451697279600253 0.5768507908801865 0.4557162818122562 -0.554619568067467 -0.9930534101101844
-9.545293453560667 -4.032740225940364 3.469997155531342 0.08889067805004158 0.0638672169935175 0.6467208747515687
-5.049759229924488 -3.0768053002474645 -4.487005444097454 0.8748207222701336 0.4500478918178368 -0.7743107224670454
6.18956367078389 -1.6151880301649584 5.3210693502780675 0.767513243690749 -0.9687084072729009 -0.5878367562995717
-7.98206573814986 -9.328474484914384 1.9556979346310541 0.40657253372985735 -0.9026473575125018 0.48108215695972323
-1.9546929837818734 -5.313214430248767 -5.654615796448931 0.7274604853401128 -0.8871119299510781 0.007791697881869064
-4.214730972921624 6.315725135266337 4.630349662320366 -0.36219260726161595 0.19583534855452478 0.3450638028738273
-3.586697692140337 -3.964711297115935 -7.134791316733427 0.3204248476214864 -0.5579145191079349 -0.3989980924851608
-8.780847257864757 8.970405100534428 7.594277819277661 0.8231553312410889 0.25198627529665996 -0.145598835410913
-0.0875842501395816 9.445804706873716 8.831728196638235 0.3426850494914446 0.571609191961036 -0.36253108536737555
-1.6735073315711073 -7.015647843496726 -2.47079622985736 0.5088321944762506 -0.052962359175560136 0.698681864520081
-3.9852716240970443 4.1515359497594435 6.115523198697737 0.829482347631811 0.12477189917381826 0.9355723770932534
1.1457351639854618 -7.31814497881844 -5.142829678208285 -0.5933265338798912 0.2934117030958894 0.8444522090224447
6.9426677183922365 -8.150720069462727 4.4916942461440375 -0.6190367631385234 -0.4630768242900376 0.34734384126915696
2.058440899781518 7.472409169790794 -6.2367341213448935 0.5233928350744199 0.44861047970429824 0.11770095254505453
-0.4121158705817045 7.3894770304907595 -3.340713783623574 0.9140395210533463 -0.9693325875430143 0.8743195264044954
9.24155112228918 -7.65367601113331 9.991440140356232 -0.042158247315268405 -0.514813636308517 0.20880306815756233
-5.909737140442126 8.30252919187113 1.0415858509562899 0.5510277641275405 -0.2386765112541549 0.06730025483252611
-2.8148088889684857 -4.768767452292948 0.25633080047547097 -0.005445413798033316 -0.8027835368690399 0.9626369136931534
-0.6101915595488308 6.794623631273698 8.28660997794978 -0.2585901571374831 -0.17213965884275084 0.12504945492870867
-5.574518033675496 -7.081545737949028 -4.784517801804609 0.869516500592707 0.15828585207480095 -0.16484385288965275
-6.951771796317134 -3.4026942804428018 -2.403204505176917 0.6667254305739703 -0.0013970352613550396 0.3092159322420438
3.6969322469181236 -4.8534648473023445 6.4318387938471275 0.9330165345006873 0.2833889087974144 -0.018808834838435207
-6.63532708096918 5.899510287072683 -6.614685782796366 0.4406270615241874 -0.02336735749173524 0.8337987793887336
0.8427371070271032 2.8361892636473307 -8.825358968385398 -0.9323524856706189 0.6933947663654447 0.8903762224017964
3.3643108678630558 5.286776871440384 -1.752155551688146 0.685089433650697 -0.537133215845109 0.4143391274069197
-9.817170766186765 0.11465839386130128 -2.5359861462637623 0.235670471753606 0.3335094591066794 0.23303872216867583
-0.3359169275634972 -0.24291231993857565 -9.867752860156822 0.10328712182251376 -0.9762980637442151 0.058835293683301204
-4.50518525604336 9.549586964650235 -9.657148047951456 0.6263144418278197 0.34806590423842065 0.6123353978948578
8.195467319975322 -7.8596714261101415 -8.07372219497183 -0.702205028519499 -0.6161358860167736 0.05291197080043242
6.304287814265653 -4.653505266467284 -2.0620715500385707 -0.25389683307263566 -0.18794518025222806 0.13000436489593814
9.804660632794548 -5.482854947451557 3.6808325094077095 0.6957342040630714 0.3074714391183062 0.7164383180423743
5.191717003536896 -8.12998989145781 -2.414719555203682 0.10540287905939061 -0.8877701217420686 -0.9810996546917388
-6.572328495579047 -0.00283213774416069 -1.3218069605667537 0.5687526215802223 0.13171325590206995 0.7159206267273388
-8.092763290585399 0.5631837128329593 -9.148964847659098 -0.5771658882309056 0.7362337811632111 0.7751086140689871
-0.48999424709453443 -9.068760585165133 -8.513038801486978 0.8511696201618464 0.7986233017300173 0.12701972809596707
-9.341964396930562 8.575327225093186 -3.710306135466981 0.9229383797520117 0.17407220816897673 0.5045089396937301
4.254227998987194 -2.0340795920975596 -8.461250171173083 -0.6750994985705883 -0.5190556113914264 0.669301120183504
-2.2168678526528236 7.930515340054395 -3.3654032075634284 0.5112185290417846 -0.7200988115296054 0.9769559158282062
4.483271401886297 0.015857032754503564 9.486466548719928 -0.8926071361052128 -0.12582349431300166 0.6773493152263499
-3.188145070497881 5.380113067308848 9.097167938293317 -0.206593901382081 0.5471098322626449 -0.9407486821096698
-4.533459427424054 9.851717569015946 -0.18793087778413486 -0.2883776045883042 0.8822856899414508 -0.1363041075209106
3.593897161763177 3.2134381502975096 -8.286117647265286 0.23723178051977567 0.5961103476054932 0.4262170653567714
-8.35923980653703 -6.915580722689631 4.233543095572333 0.2678017639261019 0.4793105779531892 -0.36664354263692767
-7.868981645774777 -9.896095552599398 -3.834650897274039 -0.2801650053062068 -0.46046711352122704 -0.7349859910116012
-6.252164329442456 -1.023126459570971 1.0948000121773553 -0.183911649833725 -0.9474761919734056 -0.29217142530948226
-8.138714790802517 1.9608759558854576 -3.511393388551747 -0.22952416520803265 -0.416305297407358 -0.22440088124321256
-8.306009661429549 8.02272089712866 8.104151486267178 0.9563461280277745 0.143920861499079 -0.660834153215349
-2.385359530225138 -7.223198820811665 -3.977374692498625 -0.01375211557843059 -0.8734656994460912 -0.13064746147451012
-1.5779532045495142 -0.31537372132143027 -8.461572772096858 -0.49660052442219427 -0.5068198633059942 0.25006737553778935
1.8761279607815737 -6.089035502394791 -7.86055264838196 -0.3906840084974861 0.8976469247891303 -0.3355655693767461
2.403843757493787 6.081529239147649 -3.409165674414796 -0.330527552506086 0.6309509400060063 0.7190169342016703
9.484507530092138 -7.277510568434704 -3.5866968924982467 0.8945578440322324 -0.5982970225958566 -0.37163343760911727
9.291492461895878 9.374504434933911 -4.171036968398935 0.3899155353442201 -0.01798537421579538 0.1517585632499212
-5.151514064388538 -2.4788939535170584 6.3298903086582605 -0.21412974052108025 -0.7722243527760038 0.12770101725757188
1.8445406850077095 0.9125817090164432 3.634252662601753 0.10019831399494561 0.906009222972592 -0.07675555433370307
4.167341025121269 -1.230900913821829 -4.173375840294094 0.3856705586486855 0.637931136008917 0.5913136719919088
-1.8171681951019707 -0.013935694220794659 2.666720793073271 -0.5159576646584023 0.3173259370646362 0.43047278259885235
5.781535264401258 -8.520697288354231 9.81401228873936 -0.041530600454747546 -0.19838980534125272 0.013225286059018071
8.407843689565915 3.834177317962153 0.8729040677495536 0.5814418340985184 -0.28094101396748017 0.7910030307217981
0.7381197204917562 2.763607340216822 -8.300361318980245 0.537908095840081 0.3152032891615313 -0.2899823611030208
2.939996959668086 -9.114066129443009 9.672164119039653 0.3549437917283713 -0.20076450754983544 0.5053655554592116
9.314335554276564 -1.3908891221963557 -9.7890445443084 -0.4825232591926891 0.021352481050089356 0.03759553369869906
1.6103659104800823 1.5047079654085227 -1.0844289699018645 -0.21773166264499433 0.5446844649248641 0.17717991308029446
0.009315632394690354 -3.1006522480096343 -9.508746939484613 -0.7909012839878766 -0.16804914294857487 0.9234557313599407
-7.678613240820507 8.813523162923861 -7.166496463369034 -0.3762193122049171 -0.08933472954824584 -0.586265347583371
-0.34148002441223113 -0.4767493758167305 -1.2366812345394589 0.39352653104733215 -0.3621810515645991 -0.3994718336361194
6.203718738373961 -7.698294666024282 6.983600160938195 0.2959398345554274 0.35427866578176803 -0.6712918142985935
9.678009411765558 -5.121741068960146 -6.510935343517321 -0.6797285775692814 0.11969790497972621 0.9169252434678994
-5.362889051771793 -1.8990512743949424 -6.310964496972127 0.28095775332015616 -0.135731095141435 -0.9416154513152188
2.2821387474383954 -6.053511284355073 1.8440631672073664 -0.2223284392885858 0.4094712319194689 -0.5884310412653562
5.046509907209833 6.174595772625217 -8.748724970616713 -0.7964959025457152 0.7439586600197703 -0.6260803287358132
-3.4803017680236303 -0.8489915558762906 -4.752932090952782 0.7252730949146147 0.05543003925556533 0.27821717133230117
1.9394165856598704 2.226168422780038 1.7400942913043593 -0.3041507251264912 0.6910356053391185 0.23472535867284994
6.274765085218675 4.119767218919602 -4.051103306012962 0.22896903142583902 -0.8304960627539444 -0.7321044606985787
-7.642766946766866 -3.892399949290022 -6.33910963337033 0.38687308343289106 0.021649738974321764 -0.1635217875774828
-7.24265402930885 -2.32580074324626 -6.284926014144688 0.2710032841172705 0.3868658530587106 0.2905201901599008
9.997991051261842 1.098251516649949 -0.20715947615582309 -0.7194069298044059 -0.3708399706783114 -0.09799805850669774
-8.927774747383264 -2.8192165565726235 -9.808331208734376 -0.7269305706750082 0.6304318813077237 0.9276581788298797
0.10876039461340703 -0.10060304267192777 3.6939334111997297 -0.16873912945177616 0.6797836042024454 -0.022600976120628724
-8.346587484270662 -9.382785887139903 5.221132370908483 -0.41582018088258677 -0.45029416345293205 0.07521723640963884
-6.6358204512685255 -0.8535722545310183 4.85036503859574 0.5318391098873814 0.09945236907610266 -0.7735780094159537
-7.715866972820624 5.502260557279911 6.465656159951333 -0.26627645578915815 0.6452218555925227 -0.9167789554595334
4.379604822600866 0.927065494439292 9.795514557533664 -0.7951671222450034 0.6601414330850794 0.5026909894873444
-4.045821297942127 9.986253385578156 -1.0053531433917247 -0.3028460463553724 0.6334571702328771 -0.12186019323333408
9.87915368637234 5.512632997615473 -5.261078892666376 0.6214054336788204 0.17584779395362116 -0.29873831777202065
4.21507918987599 2.655412618542769 -6.680367646194815 -0.7215300681464478 -0.5867606876264533 -0.586114558496468
-8.812843327213178 -2.9836904209433808 -4.378299624196041 0.07753709209527604 -0.35269276829063667 0.40810752351037705
-4.213335130701128 -4.653138674438397 7.160336898925152 0.9709766045235884 0.3585986318466201 -0.8095496723713145
9.255439899875839 5.713820965825946 8.375374236596507 0.9849724512893487 0.7340951808675569 -0.7462236627723795
7.321575899823138 -5.006455161237204 4.227896976783381 0.6569636053972652 0.5229471749597139 0.352469107399892
-0.21082548168724458 1.5485105860832284 -4.625656958250282 -0.17154982126992468 -0.0960165548992713 0.2672555267005954
7.60250162614647 -8.138104319147653 0.31226944175397975 -0.4435486242964326 0.8726722281771504 -0.261857651849156
9.005081577307653 -3.454214396781394 -9.950538297160305 0.5482705808753865 0.46544805307897397 0.46186387497410597
-0.8310148664056456 3.282876416636851 -2.835545413180256 -0.8733386278796507 0.06884892877512971 -0.5643401299695883
-1.407137986295277 -5.762970671845236 -4.62926323371155 0.656687234097616 -0.3244896896584253 0.15586728052190302
1.3228422183428066 -0.29324191982989944 -3.1252075889476156 0.36510385218641184 -0.9031814776965541 -0.8008505161675883
5.677795236811365 -0.8083647465286621 -7.515256415392031 0.7153031998572277 -0.11742810224714684 -0.9986481369757916
9.160635386079445 -5.953635872052006 3.771837638230206 -0.736173825231973 0.2999943986813054 -0.6820450741883612
8.654511254518486 -4.519610838094357 3.091759288375881 -0.4992214429017823 -0.2563124647064685 0.8076005376713158
-6.689498416813125 -2.0731686613553357 -3.889815103115386 0.39888274304914706 -0.5317123170311611 0.3109704567670699
4.073960795280884 -9.978273926165526 -0.4638658347817177 -0.7346004159200268 -0.5476182770811879 0.3599654502431582
-9.814261047830797 3.9119421457609747 6.342180538265968 0.976309818928544 -0.15537213244988024 -0.7356496978148783
-8.583433891989758 -2.3386014864845457 4.615267635279421 -0.7951456591009867 -0.3732970451181876 0.7619779899605412
-7.2574141051290875 5.469209673012482 5.06315601982136 -0.7337075376275757 0.98588031049277 -0.7142938663302123
0.6101655309336191 -9.830505160939808 3.0004042631561383 -0.11980115844029626 0.4448640527286447 0.25616007668180507
-6.972517383114381 -1.7658021128064387 3.7313233975147995 0.7199250492042999 -0.826623933068023 -0.7990697750447224
5.048912930959048 1.7914783552302627 -2.3193618131375864 0.9264974211065282 -0.3709926636356613 -0.7203396223815326
-4.4606468611030925 -8.315025680040266 1.0679326356946017 0.20001573445170573 0.21518619783104653 0.5579393050265198
3.8095215002930765 6.957842088799179 3.168107401702878 -0.3967013328456028 0.03549825559447495 0.019045132229425166
4.956872819624991 -4.089158975158666 -8.908617379694942 0.7958251207139793 0.9093430226943056 -0.010224560113466286
-7.7451267479238295 -0.008349174546848914 1.8785953627544636 0.05657300187236847 0.9553938956866712 0.9737650656863779
8.678488033484317 -7.360342385345959 7.21628007873495 0.13676077754592186 -0.2691750743038026 0.36588409800485233
5.254518757911715 9.089059678817726 5.4073409844922775 -0.9666211964582876 -0.8649348614544656 -0.47562944567586585
-9.203462761256205 -8.790622808235886 5.785799979861828 0.01322120854985398 0.25714139212115206 0.002097931014150234
-1.691360112491962 4.036212772470327 -8.351443761507083 0.07312963214003076 0.232094111333496 -0.44506452853087985
-3.801862287667161 0.2260939659066281 -5.9360501208434435 0.6161201619413066 0.07278034577891668 -0.21853699406330063
2.6858849470651336 6.690529383695054 3.621113694184208 -0.86776983275757 0.39735176321098264 0.4599167548630829
6.929362302815527 -8.84188111953739 -8.275744032170213 -0.1310328227879618 -0.09325631540571466 0.21766480885488715
-3.8141987225294756 4.8338701811510845 4.813163604683563 -0.7611139861842251 0.41580121423619665 0.4029992224477321
-6.723347381291848 9.060324035093952 0.4601072545681646 0.5659742030874917 0.441531036186918 -0.6660740916152383
-7.461387850377504 5.622479598739751 -4.624710271815086 0.772829519481312 0.5428605809792493 -0.941287497654393
6.1421569331473975 -4.560388099572926 -8.722560217537039 0.42464649640099084 0.15330334942836799 -0.8458599374272293
-0.8960444464114499 -2.797522089564934 -0.00779988477233573 0.13377225647689972 -0.26462444428637655 -0.48976783792184375
-7.941901699562608 1.4782461038411299 4.45556746651733 -0.5431911536934979 0.017649769821293626 -0.9119241854743809
7.258569898052226 -5.108970992865931 -0.5647082084452375 -0.2340410512652018 -0.6998306635176998 0.862320154314371
7.149703954959449 1.0572957699172907 8.27895339042258 0.48133165621315377 -0.16126139127440298 -0.3563959710558775
-1.6748680299736929 4.405758428563942 -4.574840839803667 -0.8442258600661761 -0.25438366652427735 0.004081885119165518
8.038820185165427 -6.413112994553886 6.086760389175133 0.96282772788299 0.9081588149208553 -0.8621471244545098
-0.6981164416622772 -4.353862587581951 6.896930085226561 -0.3453981565477622 0.10618279064813518 -0.984061652885089
-5.986576930940883 1.2761348164837383 -3.9218138546383408 0.2454350477842091 -0.07214661883900142 0.18338186996963235
-0.13278648290230244 5.4522652590104865 -6.09155152254353 0.8008865944528465 0.5209644406433931 -0.5097462512468343
-9.872442344963918 -1.7992778086796015 -5.34004516280514 -0.30715260452118764 0.6791480137923478 0.7543972285031499
9.019805242868866 -9.970759189288446 3.146077003519956 0.6980119755578436 0.454430078081945 -0.7921019612968807
0.5962897812002499 -5.236648109582687 -0.15942246300204843 -0.8802098486936207 0.993918540215097 0.42330494940020547
-8.139467232838236 8.425488059442127 7.945749438629186 0.03951843698407398 0.40169381939735915 -0.2550160518518385
9.49109580336502 -8.30195164967021 -8.088459893252288 -0.7329722994980861 0.639925783788432 -0.850339031340245
1.3564145657841653 -1.3003424313002938 9.284365494654814 -0.526456530516207 -0.47801812215277995 -0.36998216918048343
6.016336439989903 4.0145121264308425 4.707057375647361 -0.3638845614677988 -0.4560882563350912 -0.8506251283950406
-5.945747474415326 5.598739649377258 1.6941607160825782 -0.6891788973561266 -0.6712500386004636 -0.06788977512667649
-1.8697489618157253 0.718490981800473 9.292694445004575 -0.5847275487792929 -0.38338456357499084 -0.4699841461705836
-7.601728872892128 -6.847692458689676 3.721096859010304 0.6527733758792995 0.3937559664741528 -0.9193403837826732
6.718495019759725 -3.4441268223041615 -8.175741924173028 -0.5035624210774898 -0.2885144889914326 0.026919350757458993
3.5436675397814366 -4.796664145575522 9.813532408158142 -0.9378358132824809 -0.1912155471056507 -0.0955976611978746
4.961568944174184 -5.002947435568979 -0.7591350224752205 0.6077935068877003 -0.7204139214537553 -0.976086153661174
6.607446637892721 9.651344749672432 -7.385695249120441 0.6473468303767116 -0.25552051236800466 0.26059509720764895
2.8937003141700366 1.6464760282812634 -4.8235869530694835 0.6254941832272287 -0.9563996345227745 -0.8710559279061805
8.04992163866563 -1.1313735232802244 -7.42416902005991 0.8101559407603058 0.6587123544348359 -0.3369002174954465
-9.146073618191384 -0.7801015599611851 -6.6402158254188715 0.14776839961344557 0.6433708030645675 -0.21000262355616117
-9.41035413999417 3.664258335033656 -6.543855763384217 -0.5705677880599467 -0.6256977725776767 -0.4402908914385524
7.6684759778725216 -9.307011125369883 2.383530976917916 -0.5084304415095091 -0.4097896740005671 -0.17601558740766987
1.01377330407961 -8.780418621343145 -4.404480251220573 -0.7255279657358704 -0.6010843866668267 0.76930503244993
0.5162811650555952 2.615087776495109 6.043361655422551 0.5896924886037405 0.9788072315230678 0.5638315336908499
-2.8177578032487 0.8903561206810338 -0.30641029118983454 0.825354033196734 0.004786511087483403 -0.22323745086139923
-6.403682526042616 -3.622448653412409 -5.61959623853811 0.7915295632286274 0.5570765626569489 -0.882817539443763
9.830626468611417 0.5886458393086329 5.336843369005457 0.9992114936226921 0.9479597234670043 -0.7997313253900848
3.137288427524684 -4.669459978686339 6.325703232174696 0.8345189651408811 -0.8881826882951005 0.9927840970129143
-5.6117682791215024 6.930101809302663 5.9478137475881745 -0.29039073086968026 0.6784445046118186 0.6904418047325616
-6.4779926484002 1.8503901836282548 6.124204507187766 0.39525312719915995 0.8279600082570686 -0.9435868605456819
4.011216067028364 8.951174701400305 1.2721297356638743 0.12621778172803677 -0.6235326701894874 0.9760124208092862
7.632527197955206 -0.15546552209189457 -3.818938556975608 -0.019127159745041533 -0.8194852462981943 -0.5347532838335218
-5.6238211661684545 0.5289702829702172 -9.986330072323383 0.835792371841293 -0.5970712332957178 -0.7390209087616348
4.3387526538163215 8.37561574614412 6.885681728753013 -0.3528223773903256 -0.9561742075128554 0.17321835018241893
8.344482949622371 5.487329976397838 6.929617751582693 0.7213389331831015 0.9211175005515158 -0.2528184398332536
8.838464269360834 -2.088088752922914 -7.979356596386273 -0.39646969254906184 -0.7270966622850199 -0.6849922279663083
8.97387064052647 5.8368504999974355 9.213242007374763 0.29836053128962803 -0.6515946580889387 0.9374857926663354
3.8712079658508607 8.576904179708507 5.739835851911536 -0.5535255720387151 0.17790031156620723 -0.6492967400195584
-3.8635354140408396 3.769968791979144 -7.45303270552929 0.457661911871998 0.8975762084425754 0.8973963196998058
-2.1679714544479616 9.885662610952611 9.30367880575102 -0.9352345141458251 0.2047773349019424 0.8420764328361587
9.35063371231871 -5.582094991259758 1.3110049224064095 0.8733755871085085 -0.7187132637028633 0.4906866562039649
-5.240081497012062 9.647593098807135 -6.642251664968317 0.7706405067902746 -0.8225479748597473 0.4179316262904489
2.7820537580975806 7.733070304356435 -1.0674013180441229 -0.46957511887424763 -0.5009182737294424 -0.8644104398715324
-4.866841169145704 -7.839307975707415 -9.974376850106202 -0.22812580409318017 0.4651689889975372 0.9382036502113704
7.69103995174455 -0.13836013052304708 -2.4257485045148197 0.09204793535690858 -0.7971428807257568 -0.04102149920567899
